lap	timestamp	position_lat	position_long	distance	altitude	accumulated_power	Form Power	power	heart_rate	cadence	speed	vertical_oscillation	stance_time_percent	stance_time	vertical_ratio	stance_time_balance	step_length
1			140198091	0.0					123.0		0.0						
1			140198270	0.0	439.0				123.0		0.0						
1			140198509	5.0	439.0				126.0		2.45						
1			140198795	10.0	439.0				129.0		4.903						
1			140199141	14.0	439.0	420.0		420.0	130.0	97.0	4.9						1100.0
1			140199559	18.0	439.0	845.0		425.0	132.0	83.0	4.9						870.0
1			140200024	22.5	439.0	1272.0	40.0	427.0	132.0	86.0	4.9	79.0		243.0	2.6	49.8	1240.0
1			140200573	27.0	439.0	1701.0	80.0	429.0	133.0	89.0	4.9	83.0		237.0	5.3	48.9	1620.0
1			140201193	32.0	439.0	2111.0	80.0	410.0	134.0	90.0	4.6	86.0		228.0	5.4	49.1	1610.0
1			140201909	37.0	439.0	2502.0	81.0	391.0	134.0	91.0	4.3	89.0		220.0	5.5	49.4	1600.0
1			140202649	39.0	439.0	2892.0	81.0	390.0	133.0	91.0	4.389	89.0		217.0	5.5	49.4	1600.0
1			140203436	41.0	438.0	3282.0	81.0	390.0	133.0	91.0	4.478	89.0		215.0	5.5	49.4	1600.0
1			140204235	48.5	438.0	3687.0	80.0	405.0	133.0	91.0	4.689	89.0		215.0	5.8	49.6	1520.0
1			140205047	56.0	438.0	4108.0	80.0	421.0	133.0	92.0	4.9	89.0		215.0	6.1	49.8	1440.0
1			140205834	61.0	438.0	4533.0	80.0	425.0	134.0	93.0	4.925	89.0		212.0	6.0	49.8	1470.0
1			140206586	66.0	438.0	4962.0	80.0	429.0	135.0	95.0	4.953	89.0		210.0	5.9	49.8	1510.0
1			140207266	70.0	438.0	5389.0	80.0	427.0	138.0	95.0	4.933	91.0		216.0	5.9	50.0	1520.0
1			140207886	74.0	438.0	5814.0	80.0	425.0	140.0	96.0	4.914	93.0		222.0	6.0	50.2	1530.0
1			140208435	76.0	438.0	6235.0	80.0	421.0	140.0	95.0	4.883	93.0		223.0	6.0	50.2	1530.0
1			140208924	78.0	438.0	6653.0	80.0	418.0	141.0	95.0	4.856	94.0		225.0	6.1	50.2	1540.0
1			140209365	82.0	438.0	7067.0	80.0	414.0	141.0	94.0	4.811	94.0		228.0	6.1	50.2	1530.0
1			140209747	86.0	438.0	7477.0	81.0	410.0	141.0	94.0	4.767	95.0		231.0	6.1	50.3	1520.0
1			140210093	92.0	438.0	7883.0	80.0	406.0	140.0	94.0	4.697	94.0		228.0	6.1	50.0	1510.0
1			140210368	98.0	438.0	8285.0	80.0	402.0	141.0	95.0	4.628	94.0		225.0	6.2	49.7	1500.0
1			140210570	102.0	438.0	8681.0	80.0	396.0	141.0	94.0	4.578	95.0		227.0	6.3	49.8	1490.0
1			140210702	106.0	438.0	9072.0	81.0	391.0	140.0	94.0	4.531	96.0		230.0	6.4	50.0	1490.0
1			140210761	110.0	438.0	9456.0	80.0	384.0	141.0	94.0	4.456	96.0		232.0	6.4	50.1	1480.0
1			140210785	114.0	438.0	9834.0	80.0	378.0	141.0	93.0	4.383	96.0		234.0	6.5	50.3	1470.0
1			140210773	115.5	438.0	10212.0	80.0	378.0	141.0	93.0	4.367	95.0		233.0	6.5	49.9	1450.0
1			140210749	117.0	438.0	10590.0	80.0	378.0	141.0	93.0	4.353	95.0		233.0	6.6	49.5	1430.0
1			140210725	122.5	438.0	10961.0	80.0	371.0	141.0	93.0	4.286	95.0		231.0	6.7	49.5	1400.0
1			140210714	128.0	438.0	11325.0	80.0	364.0	142.0	94.0	4.222	95.0		230.0	6.8	49.6	1380.0
1			140210714	132.0	438.0	11683.0	80.0	358.0	142.0	94.0	4.197	95.0		229.0	6.9	49.8	1360.0
1			140210737	136.0	438.0	12035.0	80.0	352.0	142.0	94.0	4.175	95.0		228.0	7.0	50.1	1350.0
1			140210773	140.0	438.0	12385.0	80.0	350.0	142.0	94.0	4.169	94.0		226.0	7.0	49.7	1340.0
1			140210833	144.0	438.0	12734.0	80.0	349.0	142.0	95.0	4.167	93.0		224.0	7.0	49.4	1340.0
1			140210904	146.0	438.0	13082.0	79.0	348.0	142.0	95.0	4.167	92.0		222.0	7.0	49.9	1320.0
1			140210988	148.0	438.0	13430.0	79.0	348.0	142.0	95.0	4.167	92.0		221.0	7.0	50.4	1300.0
1			140211059	152.0	438.0	13777.0	79.0	347.0	142.0	95.0	4.167	92.0		219.0	7.0	50.2	1300.0
1			140211119	156.0	438.0	14124.0	79.0	347.0	141.0	96.0	4.167	92.0		217.0	7.0	50.1	1300.0
1			140211167	160.0	438.0	14472.0	79.0	348.0	141.0	94.0	4.167	93.0		222.0	7.0	50.2	1300.0
1			140211191	164.0	438.0	14821.0	79.0	349.0	141.0	93.0	4.167	94.0		228.0	7.1	50.4	1310.0
1			140211227	168.5	438.0	15170.0	79.0	349.0	141.0	94.0	4.161	93.0		225.0	7.1	50.4	1310.0
1			140211238	173.0	438.0	15520.0	80.0	350.0	142.0	94.0	4.158	93.0		222.0	7.1	50.5	1310.0
1			140211250	179.5	438.0	15871.0	80.0	351.0	142.0	94.0	4.158	93.0		225.0	7.1	50.6	1310.0
1			140211250	186.0	438.0	16224.0	80.0	353.0	142.0	94.0	4.158	94.0		228.0	7.1	50.8	1310.0
1			140211250	188.5	438.0	16578.0	80.0	354.0	143.0	94.0	4.161	94.0		227.0	7.1	50.3	1300.0
1			140211227	191.0	438.0	16934.0	80.0	356.0	143.0	95.0	4.167	94.0		227.0	7.2	49.9	1300.0
1			140211155	195.5	438.0	17287.0	80.0	353.0	143.0	93.0	4.167	94.0		231.0	7.1	50.3	1310.0
1			140211036	200.0	438.0	17638.0	80.0	351.0	143.0	92.0	4.167	95.0		235.0	7.1	50.8	1330.0
1			140210845	206.5	438.0	17986.0	80.0	348.0	143.0	92.0	4.172	95.0		232.0	7.0	50.2	1340.0
1			140210546	213.0	438.0	18331.0	80.0	345.0	144.0	92.0	4.178	95.0		230.0	7.0	49.6	1350.0
1			140210153	217.0	438.0	18675.0	80.0	344.0	143.0	92.0	4.178	95.0		232.0	7.0	49.6	1350.0
1			140209640	221.0	438.0	19018.0	80.0	343.0	143.0	91.0	4.178	96.0		234.0	7.0	49.7	1360.0
1			140209031	226.0	438.0	19364.0	80.0	346.0	143.0	90.0	4.178	97.0		241.0	7.0	50.1	1370.0
1			140208363	231.0	438.0	19713.0	80.0	349.0	141.0	89.0	4.178	98.0		249.0	7.0	50.5	1380.0
1			140207659	235.5	438.0	20067.0	80.0	354.0	141.0	90.0	4.167	97.0		246.0	7.0	50.4	1380.0
1			140206920	240.0	438.0	20426.0	80.0	359.0	140.0	90.0	4.156	97.0		244.0	7.0	50.3	1380.0
1			140206216	242.5	438.0	20788.0	80.0	362.0	141.0	90.0	4.156	97.0		242.0	7.0	50.2	1380.0
1			140205524	245.0	438.0	21154.0	80.0	366.0	141.0	90.0	4.156	97.0		240.0	7.0	50.1	1380.0
1			140204832	251.5	438.0	21519.0	80.0	365.0	141.0	89.0	4.139	98.0		242.0	7.0	50.2	1380.0
1			140204140	258.0	438.0	21883.0	80.0	364.0	139.0	89.0	4.122	99.0		245.0	7.1	50.3	1380.0
1			140203484	261.5	438.0	22242.0	80.0	359.0	139.0	89.0	4.122	99.0		241.0	7.1	50.3	1380.0
1			140202887	265.0	438.0	22597.0	81.0	355.0	139.0	90.0	4.122	99.0		238.0	7.2	50.3	1380.0
1			140202314	268.5	438.0	22946.0	81.0	349.0	138.0	89.0	4.122	100.0		243.0	7.2	50.2	1380.0
1			140201790	272.0	438.0	23289.0	82.0	343.0	138.0	89.0	4.122	101.0		249.0	7.2	50.2	1380.0
1			140201265	275.5	437.0	23624.0	82.0	335.0	138.0	89.0	4.089	100.0		244.0	7.2	50.5	1380.0
1			140200752	279.0	437.0	23952.0	82.0	328.0	138.0	90.0	4.058	99.0		239.0	7.2	50.8	1380.0
1			140200250	282.5	437.0	24277.0	81.0	325.0	138.0	89.0	4.058	100.0		246.0	7.2	49.9	1380.0
1			140199749	286.0	437.0	24600.0	81.0	323.0	138.0	88.0	4.058	101.0		254.0	7.3	49.0	1380.0
1			140199272	289.5	437.0	24919.0	81.0	319.0	138.0	88.0	4.017	100.0		249.0	7.3	49.7	1370.0
1			140198843	293.0	437.0	25234.0	82.0	315.0	138.0	89.0	3.978	100.0		244.0	7.3	50.4	1360.0
1			140198461	296.5	437.0	25547.0	82.0	313.0	138.0	89.0	3.978	101.0		244.0	7.4	50.6	1350.0
1			140198139	300.0	437.0	25858.0	82.0	311.0	138.0	89.0	3.978	102.0		245.0	7.5	50.8	1350.0
1			140197876	304.0	437.0	26168.0	82.0	310.0	138.0	89.0	3.978	101.0		244.0	7.5	50.8	1340.0
1			140197662	308.0	437.0	26477.0	82.0	309.0	138.0	89.0	3.978	101.0		244.0	7.6	50.9	1330.0
1			140197506	311.5	437.0	26784.0	82.0	307.0	138.0	90.0	3.931	100.0		242.0	7.6	50.5	1320.0
1			140197387	315.0	437.0	27090.0	82.0	306.0	138.0	90.0	3.886	100.0		240.0	7.6	50.2	1320.0
1			140197316	319.5	437.0	27398.0	82.0	308.0	138.0	89.0	3.886	100.0		244.0	7.6	50.3	1310.0
1			140197244	324.0	437.0	27708.0	82.0	310.0	138.0	88.0	3.886	101.0		249.0	7.7	50.4	1310.0
1			140197196	328.0	437.0	28021.0	82.0	313.0	138.0	89.0	3.872	101.0		246.0	7.7	50.5	1300.0
1			140197137	332.0	437.0	28338.0	82.0	317.0	137.0	90.0	3.858	101.0		243.0	7.7	50.7	1300.0
1			140197089	336.0	437.0	28660.0	82.0	322.0	137.0	90.0	3.858	100.0		240.0	7.7	50.3	1290.0
1			140197041	340.0	437.0	28987.0	82.0	327.0	137.0	90.0	3.858	99.0		238.0	7.8	49.9	1290.0
1			140196993	344.0	437.0	29321.0	82.0	334.0	137.0	89.0	3.858	100.0		244.0	7.8	49.7	1290.0
1			140196934	348.0	437.0	29663.0	82.0	342.0	137.0	88.0	3.858	101.0		250.0	7.8	49.5	1290.0
1			140196874	352.0	437.0	30011.0	82.0	348.0	138.0	89.0	3.867	100.0		246.0	7.8	50.1	1290.0
1			140196826	356.0	437.0	30366.0	82.0	355.0	138.0	90.0	3.878	100.0		242.0	7.8	50.7	1290.0
1			140196803	359.5	437.0	30724.0	82.0	358.0	138.0	89.0	3.878	101.0		247.0	7.8	50.6	1290.0
1			140196791	363.0	437.0	31085.0	83.0	361.0	138.0	88.0	3.878	103.0		253.0	7.9	50.6	1290.0
1			140196779	367.5	437.0	31448.0	82.0	363.0	138.0	88.0	3.883	102.0		250.0	7.8	50.4	1290.0
1			140196755	372.0	437.0	31813.0	82.0	365.0	138.0	89.0	3.889	102.0		248.0	7.8	50.3	1290.0
1			140196731	375.5	437.0	32179.0	82.0	366.0	138.0	89.0	3.889	102.0		247.0	7.8	50.2	1290.0
1			140196707	379.0	437.0	32546.0	83.0	367.0	138.0	89.0	3.889	102.0		246.0	7.8	50.2	1300.0
1			140196683	383.0	437.0	32913.0	82.0	367.0	138.0	89.0	3.889	101.0		244.0	7.8	50.3	1290.0
1			140196624	387.0	438.0	33281.0	82.0	368.0	140.0	90.0	3.889	101.0		243.0	7.8	50.4	1290.0
1			140196552	390.5	438.0	33648.0	82.0	367.0	140.0	89.0	3.883	101.0		244.0	7.8	50.4	1290.0
1			140196445	394.0		34014.0	82.0	366.0	139.0	89.0	3.881	102.0		245.0	7.8	50.5	1290.0
1			140196325	397.5		34378.0	82.0	364.0	139.0	89.0	3.881	102.0		244.0	7.8	50.8	1300.0
1			140196218	401.0		34740.0	82.0	362.0	139.0	89.0	3.881	102.0		243.0	7.9	51.1	1310.0
1			140196123	404.5		35098.0	82.0	358.0	139.0	88.0	3.872	103.0		246.0	7.8	51.2	1310.0
1			140196063	408.0					139.0								
1			140196063	411.8					139.0								
1			140196146	411.8													
