lap	timestamp	position_lat	position_long	distance	altitude	accumulated_power	heart_rate	cadence	speed	vertical_oscillation	stance_time_percent	stance_time	vertical_ratio	stance_time_balance	step_length
1			140427313	0.0	454.4	65535	107	0	0.0	0.0	0.0	0.0	0.0	0.0	0.0
1			140427320	0.23	454.20000000000005	65535	107	0	0.0	0.0	0.0	0.0	0.0	0.0	0.0
1			140429216	12.73	453.79999999999995	65535	114	90	1.502	88.7	38.75	260.0	18.75	47.37	486.0
1			140429294	13.58	453.6	65535	118	89	1.502	89.7	38.25	258.0	18.53	49.28	495.0
1			140429177	15.16	453.79999999999995	65535	120	89	1.67	89.7	38.25	257.0	18.06	50.31	501.0
1			140429033	16.81	453.4	65535	124	90	1.67	88.7	38.25	256.0	17.84	50.31	504.0
1			140428608	22.01	453.20000000000005	65535	130	90	1.829	91.7	37.5	251.0	17.37	50.09	533.0
1			140428402	24.69	453.0	65535	130	90	2.146	92.7	37.5	249.0	16.78	50.0	565.0
1			140427986	29.89	452.6	65535	137	90	2.725	91.7	37.25	248.0	15.31	50.0	672.0
1			140427756	32.38	452.6	65535	143	90	2.725	91.7	37.25	247.0	14.71	50.0	687.0
1			140427542	34.75	452.4	65535	148	91	2.725	91.7	37.5	249.0	14.25	50.0	694.0
1			140427369	36.86	452.4	65535	151	91	2.725	91.7	37.75	249.0	13.65	50.0	712.0
1			140426442	46.35	452.0	65535	147	89	2.603	96.5	36.75	246.0	12.96	50.0	743.0
1			140425792	53.59	451.79999999999995	65535	150	89	2.594	96.5	36.5	248.0	12.68	49.9	749.0
1			140425569	55.86	451.6	65535	155	88	2.575	97.5	36.25	247.0	12.68	49.81	757.0
1			140425333	58.47	451.4	65535	161	88	2.575	96.5	36.25	248.0	12.59	49.81	759.0
1			140425117	61.14	451.20000000000005	65535	160	88	2.575	96.5	36.5	250.0	12.59	49.81	759.0
1			140424709	66.35	451.0	65535	157	88	2.575	95.5	36.75	251.0	12.37	49.81	761.0
1			140423942	75.56	450.79999999999995	65535	160	88	2.538	94.5	37.0	252.0	12.37	49.81	756.0
1			140423499	80.29	450.79999999999995	65535	165	88	2.529	93.7	37.0	252.0	12.18	49.81	754.0
1			140423347	82.66	450.79999999999995	65535	168	88	2.519	92.7	37.5	253.0	12.18	49.81	750.0
1			140423123	87.33	451.0	65535	173	89	2.51	92.7	37.75	253.0	12.18	49.81	747.0
1			140423022	89.7	451.0	65535	177	89	2.501	92.7	37.75	253.0	12.18	49.9	744.0
1			140422440	102.13	450.79999999999995	65535	172	88	2.501	92.7	37.75	257.0	11.9	50.09	771.0
1			140421098	124.19	450.4	65535	172	87	2.426	93.7	36.75	251.0	12.18	50.09	760.0
1			140420194	135.35	450.6	65535	169	88	2.389	92.7	37.25	254.0	12.28	50.4	741.0
1			140419821	139.74	450.79999999999995	65535	176	88	2.389	91.7	37.5	255.0	12.18	50.4	740.0
1			140419648	142.32	450.79999999999995	65535	176	88	2.379	90.7	37.5	256.0	12.09	50.4	742.0
1			140419189	149.48	451.0	65535	173	87	2.379	90.7	37.75	259.0	11.9	50.4	752.0
1			140419009	151.75	451.0	65535	170	87	2.379	90.7	37.75	259.0	11.9	50.4	755.0
1			140418395	159.54	451.20000000000005	65535	167	87	2.379	91.7	37.25	256.0	11.71	50.4	779.0
1			140417354	176.7	452.79999999999995	65535	164	87	2.398	91.7	37.25	257.0	10.93	50.06	836.0
1			140418507	198.31	454.4	65535	164	86	2.389	91.7	37.0	258.0	10.93	49.84	822.0
1			140417615	218.96	454.79999999999995	65535	163	86	2.361	94.5	37.5	260.0	12.0	49.84	772.0
1			140416463	239.38	454.6	65535	165	86	2.342	91.7	37.5	261.0	11.71	49.84	780.0
1			140415916	252.0	454.20000000000005	65535	168	87	2.333	94.5	37.25	257.0	11.71	49.65	783.0
1			140414863	273.11	452.0	65535	169	87	2.295	92.7	37.0	252.0	12.18	50.03	748.0
1			140414153	284.87	445.20000000000005	65535	172	87	2.286	90.7	36.5	251.0	12.0	50.03	746.0
1			140413618	305.46	440.0	65535	170	87	2.295	97.5	37.0	254.0	12.18	50.12	778.0
1			140413778	310.14	439.79999999999995	65535	169	86	2.305	97.5	37.0	256.0	11.9	50.03	801.0
1			140416904	330.77	439.0	65535	166	87	2.314	95.5	36.75	252.0	11.81	50.03	794.0
1			140420206	351.49	438.0	65535	165	86	2.305	97.5	37.0	256.0	12.18	49.93	790.0
1			140423341	373.5	437.4	65535	167	86	2.323	97.5	37.25	256.0	11.81	49.9	816.0
1			140424848	384.15	437.20000000000005	65535	170	87	2.333	96.5	37.0	253.0	11.71	49.81	810.0
1			140426871	397.51	437.4	65535	173	87	2.351	92.7	37.25	257.0	11.03	49.71	836.0
1			140430095	418.35	437.4	65535	170	86	2.333	91.7	37.75	261.0	11.03	50.03	819.0
1			140432619	434.33	437.79999999999995	65535	173	87	2.333	89.7	37.75	260.0	10.81	50.12	821.0
1			140435885	455.09	436.79999999999995	65535	173	87	2.323	89.7	37.5	259.0	11.21	50.53	794.0
1			140437715	467.19	436.6	65535	170	86	2.333	94.5	37.25	260.0	11.21	50.62	827.0
1			140439051	475.85	436.4	65535	170	86	2.333	96.5	37.0	257.0	11.31	50.62	831.0
1			140442311	496.97	435.79999999999995	65535	169	86	2.342	97.5	37.0	256.0	11.5	50.62	832.0
1			140445751	519.13	435.4	65535	167	86	2.361	96.5	36.5	253.0	11.31	50.71	841.0
1			140447693	531.77	434.79999999999995	65535	170	87	2.361	98.5	36.25	250.0	11.59	50.43	833.0
1			140450645	550.91	435.0	65535	173	87	2.37	99.5	35.5	246.0	11.59	50.09	841.0
1			140453805	571.45	435.6	65535	173	87	2.361	97.5	35.5	246.0	11.81	50.09	816.0
1			140457158	593.24	437.20000000000005	65535	172	87	2.342	95.5	36.0	250.0	11.81	49.9	799.0
1			140458104	599.14	438.20000000000005	65535	169	86	2.333	96.5	35.75	250.0	11.81	50.03	797.0
1			140458756	603.18	438.79999999999995	65535	169	87	2.323	95.5	35.75	248.0	12.18	50.03	774.0
1			140460523	614.59	439.79999999999995	65535	172	86	2.305	97.5	36.5	254.0	12.37	49.68	774.0
1			140461972	624.64	440.4	65535	175	86	2.305	100.5	36.5	253.0	12.5	49.68	794.0
1			140462335	627.13	440.6	65535	175	86	2.314	100.5	36.5	255.0	12.28	49.68	808.0
1			140463845	637.16	440.79999999999995	65535	178	86	2.323	102.5	36.0	252.0	12.18	49.68	830.0
1			140465847	649.63	440.79999999999995	65535	175	86	2.333	103.5	35.75	250.0	12.18	49.4	837.0
1			140466254	652.17	440.4	65535	175	86	2.342	104.2	35.75	250.0	12.18	49.31	839.0
1			140469643	673.34	440.20000000000005	65535	176	87	2.37	100.5	36.25	251.0	11.71	49.62	848.0
1			140470445	678.34	439.79999999999995	65535	176	86	2.379	101.5	36.25	251.0	11.59	49.81	864.0
1			140473704	698.7	438.6	65535	174	84	2.389	105.2	35.5	251.0	11.81	50.31	870.0
1			140475510	709.89	438.20000000000005	65535	171	84	2.361	104.2	35.75	253.0	12.37	49.78	827.0
1			140478882	730.82	438.20000000000005	65535	170	86	2.351	101.5	36.0	252.0	12.5	49.68	806.0
1			140480055	738.11	437.4	65535	174	86	2.351	101.5	35.5	249.0	12.37	50.0	813.0
1			140482653	754.41	434.79999999999995	65535	177	86	2.351	101.5	35.25	246.0	12.18	50.43	826.0
1			140483391	759.05	434.6	65535	178	86	2.342	100.5	35.5	249.0	12.18	50.53	823.0
1			140486740	780.02	433.6	65535	177	84	2.333	109.2	35.75	256.0	12.78	50.43	827.0
1			140488776	792.76	432.20000000000005	65535	174	84	2.333	106.2	35.75	254.0	12.68	49.75	827.0
1			140489181	795.29	432.20000000000005	65535	173	84	2.342	106.2	35.75	253.0	12.59	49.53	833.0
1			140492595	816.42	433.0	65535	171	85	2.351	106.2	35.75	252.0	12.28	49.31	848.0
1			140492985	818.85	433.4	65535	172	85	2.351	106.2	35.5	250.0	12.37	49.31	848.0
1			140496416	840.17	433.20000000000005	65535	174	85	2.351	107.2	35.25	250.0	12.68	48.68	833.0
1			140499927	862.14	432.79999999999995	65535	173	84	2.379	107.2	36.25	257.0	12.0	49.03	879.0
1			140503154	882.29	433.4	65535	174	85	2.389	106.2	35.75	252.0	12.0	49.21	874.0
1			140506656	904.03	434.4	65535	174	85	2.407	104.2	35.5	250.0	11.81	50.0	878.0
1			140509882	924.06	435.0	65535	173	83	2.379	109.2	35.25	252.0	12.59	50.46	855.0
1			140511342	933.17	434.79999999999995	65535	170	84	2.37	105.2	35.75	253.0	12.59	50.37	822.0
1			140514649	953.51	437.4	65535	170	84	2.342	109.2	35.5	252.0	13.06	50.28	821.0
1			140517445	971.12	438.20000000000005	65535	173	84	2.333	108.2	35.75	254.0	13.15	50.28	812.0
1			140519080	981.71	439.4	65535	173	84	2.351	108.2	35.5	253.0	12.87	50.09	834.0
1			140521926	1000.31	442.20000000000005	65535	171	83	2.417	111.2	35.25	253.0	12.37	50.5	884.0
2			140523102	1007.61	442.20000000000005	65535	168	83	2.426	110.2	36.0	257.0	12.28	50.5	881.0
2			140526569	1029.1	441.4	65535	167	83	2.426	110.2	36.0	258.0	12.28	50.5	882.0
2			140530117	1051.0	439.6	65535	167	83	2.379	111.2	35.75	257.0	12.96	50.31	841.0
2			140532307	1064.52	439.20000000000005	65535	170	84	2.351	107.2	35.75	256.0	12.87	49.87	829.0
2			140535606	1085.05	438.20000000000005	65535	171	84	2.333	106.2	35.75	255.0	12.68	50.18	832.0
2			140537888	1099.22	437.6	65535	171	84	2.323	104.2	36.0	256.0	12.5	50.46	825.0
2			140541275	1120.3	435.79999999999995	65535	172	84	2.314	107.2	36.25	258.0	12.68	50.56	837.0
2			140543553	1134.66	437.20000000000005	65535	169	83	2.323	109.2	36.0	260.0	12.59	50.37	849.0
2			140545610	1147.6	437.6	65535	168	82	2.314	108.2	37.5	274.0	12.5	50.28	856.0
2			140542128	1170.01	434.6	65535	167	83	2.267	111.2	35.25	254.0	13.84	50.46	801.0
2			140538690	1191.61	432.6	65535	167	84	2.277	108.2	35.75	255.0	13.06	50.09	813.0
2			140535187	1213.36	430.20000000000005	65535	169	84	2.286	108.2	35.5	253.0	12.96	49.5	826.0
2			140531742	1234.77	427.0	65535	170	83	2.295	105.2	35.75	257.0	12.37	49.84	847.0
2			140528298	1256.35	425.4	65535	170	83	2.277	106.2	35.0	252.0	12.96	50.12	802.0
2			140524912	1277.54	425.6	65535	172	84	2.267	105.2	35.75	253.0	12.87	50.31	807.0
2			140521498	1299.01	428.20000000000005	65535	172	85	2.277	105.2	36.0	253.0	12.78	50.31	812.0
2			140518112	1320.62	428.6	65535	173	84	2.295	106.2	36.5	261.0	12.28	50.43	853.0
2			140516040	1333.5	428.4	65535	170	84	2.305	106.2	36.5	260.0	12.37	50.53	839.0
2			140514173	1345.1	428.0	65535	167	83	2.314	109.2	36.0	258.0	12.5	50.53	852.0
2			140511373	1362.58	426.6	65535	170	84	2.305	106.2	36.25	258.0	12.68	50.53	826.0
2			140509495	1374.36	426.0	65535	173	84	2.305	106.2	36.25	259.0	12.59	50.62	827.0
2			140506226	1394.6	427.79999999999995	65535	171	83	2.314	105.2	36.5	263.0	12.28	50.71	852.0
2			140503603	1410.89	428.4	65535	168	83	2.333	106.2	36.75	264.0	12.0	50.62	868.0
2			140501794	1422.12	428.6	65535	171	83	2.323	105.2	36.5	261.0	12.28	50.53	838.0
2			140500697	1429.03	429.20000000000005	65535	174	84	2.314	103.5	36.75	263.0	12.28	50.53	825.0
2			140499333	1437.56	430.4	65535	175	84	2.305	102.5	36.0	259.0	12.37	50.53	819.0
2			140496118	1457.64	430.79999999999995	65535	176	86	2.286	95.5	37.25	261.0	11.9	50.43	798.0
2			140492759	1478.6	432.0	65535	175	85	2.295	100.5	36.25	256.0	11.81	50.21	835.0
2			140489385	1499.67	432.6	65535	173	84	2.295	96.5	37.0	264.0	11.5	49.93	828.0
2			140485910	1521.56	434.20000000000005	65535	170	84	2.277	101.5	36.0	256.0	12.18	49.93	811.0
2			140484888	1527.99	434.4	65535	171	84	2.267	100.5	36.0	257.0	12.37	50.03	801.0
2			140482168	1544.9	435.4	65535	174	84	2.249	105.2	36.0	257.0	13.28	49.84	777.0
2			140478618	1566.96	434.0	65535	174	84	2.23	104.2	36.5	260.0	13.28	50.03	780.0
2			140475241	1588.04	433.0	65535	176	84	2.239	104.2	36.5	261.0	12.68	50.12	808.0
2			140474117	1595.01	432.0	65535	176	84	2.239	102.5	36.5	260.0	12.59	50.12	806.0
2			140472203	1606.87	431.20000000000005	65535	173	84	2.239	99.5	36.5	259.0	12.28	50.21	801.0
2			140468663	1628.89	430.6	65535	174	85	2.239	97.5	37.25	262.0	12.28	49.84	791.0
2			140465423	1649.21	431.6	65535	174	86	2.239	96.5	36.5	255.0	12.09	50.12	786.0
2			140462079	1671.38	432.20000000000005	65535	174	86	2.239	92.7	37.5	261.0	11.59	50.12	791.0
2			140459302	1690.61	434.6	65535	171	85	2.23	87.7	38.75	270.0	11.03	50.12	794.0
2			140455798	1712.61	433.4	65535	171	86	2.193	89.7	38.5	269.0	11.81	50.62	746.0
2			140454840	1718.55	432.79999999999995	65535	174	86	2.183	88.7	38.25	269.0	11.81	50.62	752.0
2			140452426	1734.13	432.79999999999995	65535	171	85	2.174	90.7	38.25	269.0	11.81	50.71	760.0
2			140449285	1755.33	434.0	65535	173	85	2.193	95.5	37.25	263.0	11.81	50.71	792.0
2			140445832	1777.2	433.6	65535	175	86	2.193	95.5	37.5	261.0	12.09	50.71	780.0
2			140442590	1797.56	431.20000000000005	65535	174	85	2.193	96.5	36.25	256.0	12.0	50.31	785.0
2			140439923	1814.7	432.79999999999995	65535	176	86	2.183	90.7	37.75	261.0	12.0	50.21	752.0
2			140438190	1826.1	434.20000000000005	65535	174	86	2.183	93.7	37.75	262.0	12.28	50.12	750.0
2			140435193	1846.13	436.4	65535	174	85	2.183	91.7	37.75	265.0	11.81	49.84	766.0
2			140433237	1858.58	435.79999999999995	65535	175	86	2.174	90.7	37.75	264.0	12.0	49.93	747.0
2			140430036	1878.94	435.20000000000005	65535	177	86	2.165	88.7	38.25	266.0	11.71	50.12	748.0
2			140427541	1894.49	434.0	65535	180	85	2.165	90.7	37.75	265.0	11.71	50.21	761.0
2			140424672	1913.13	431.6	65535	177	84	2.174	96.5	37.0	264.0	12.09	50.21	777.0
2			140421537	1933.42	430.20000000000005	65535	176	85	2.165	95.5	37.25	263.0	12.28	50.21	763.0
2			140418459	1953.96	428.4	65535	177	86	2.165	94.5	37.5	261.0	12.09	50.43	770.0
2			140415099	1974.89	430.79999999999995	65535	178	86	2.193	93.7	37.75	264.0	11.59	50.43	800.0
2			140412952	1988.9	431.0	65535	176	81	2.174	98.5	38.25	282.0	11.9	50.12	804.0
2			140413151	2000.36	440.0	65535	176	84	1.082	110.2	37.75	279.0	23.21	60.78	458.0
3			140413293	2006.3	442.20000000000005	65535	179	85	1.642	100.5	37.0	262.0	19.4	53.21	531.0
3			140413602	2012.06	445.0	65535	176	85	1.586	99.5	37.25	261.0	18.06	52.0	564.0
3			140413874	2016.94	444.79999999999995	65535	173	86	1.698	96.5	37.25	260.0	17.06	51.5	570.0
3			140414162	2028.62	445.20000000000005	65535	168	85	1.838	96.5	36.5	257.0	15.12	50.78	654.0
3			140415259	2046.79	442.4	65535	171	85	1.913	98.5	35.5	250.0	14.15	50.31	703.0
3			140416496	2065.34	439.20000000000005	65535	168	85	2.071	98.5	36.0	254.0	12.5	50.0	785.0
3			140418062	2085.92	438.0	65535	168	83	2.137	99.5	36.5	263.0	12.28	50.0	795.0
3			140419450	2107.96	439.4	65535	166	83	2.183	97.5	36.75	264.0	12.18	50.0	794.0
3			140420839	2128.73	440.0	65535	167	85	2.174	93.7	37.75	267.0	12.18	50.09	764.0
3			140421396	2137.05	440.6	65535	170	85	2.165	92.7	38.25	268.0	12.0	50.31	766.0
3			140422489	2157.61	444.20000000000005	65535	171	86	2.183	88.7	38.5	267.0	11.4	50.31	772.0
3			140423827	2178.09	446.4	65535	173	86	2.183	85.7	39.5	277.0	10.93	50.09	775.0
3			140423914	2181.16	448.0	65535	173	85	2.193	86.7	39.25	276.0	10.81	50.09	786.0
3			140424996	2201.76	446.4	65535	170	86	2.211	90.7	39.25	275.0	11.4	49.9	776.0
3			140425629	2209.58	445.20000000000005	65535	171	86	2.183	92.7	38.75	271.0	12.09	49.9	745.0
3			140427286	2230.51	444.4	65535	172	86	2.09	97.5	37.0	258.0	13.37	50.5	716.0
3			140427909	2238.28	444.20000000000005	65535	169	85	2.062	95.5	38.0	266.0	13.28	50.5	712.0
3			140429116	2259.87	441.6	65535	170	85	2.155	99.5	37.5	263.0	12.78	50.4	772.0
3			140429880	2271.83	441.20000000000005	65535	171	84	2.155	106.2	37.25	266.0	12.78	50.21	802.0
